0 0 1 -nan -nan -nan
0.463799 0.313211 -0.828728 -0.330387 -0.223116 0.590344
0.346531 0.860439 0.373579 -1.02959 -2.55647 -1.10995
-0.204886 0.956094 0.209538 0.279587 -1.30469 -0.285935
-0.499613 0.480335 -0.720878 0.360369 -0.346464 0.519966
-0.168404 0.0292133 0.985285 -nan -nan -nan
0.373789 0.167913 -0.912188 -0.26482 -0.118962 0.646261
0.447683 0.722665 0.526626 -nan -nan -nan
-0.0392992 0.998453 0.0393296 0.0409768 -1.04108 -0.0410085
-0.477046 0.649758 -0.591813 0.352317 -0.479871 0.437077
-0.317129 0.113439 0.941573 -nan -nan -nan
0.2401 0.0614206 -0.968803 -0.169818 -0.0434415 0.685214
0.496522 0.558873 0.664174 -nan -nan -nan
0.13088 0.982567 -0.132036 -0.11722 -0.880018 0.118256
-0.398734 0.801681 -0.445331 0.306506 -0.616251 0.342325
-0.428797 0.242836 0.870152 -nan -nan -nan
0.0783552 0.00617769 -0.996906 -0.0554056 -0.0043683 0.704921
0.487341 0.388201 0.782176 -nan -nan -nan
0.285765 0.910291 -0.299515 -0.232605 -0.74095 0.243797
-0.273829 0.918351 -0.285743 0.224342 -0.752384 0.234102
-0.490359 0.402284 0.773121 -nan -nan -nan
-0.092546 0.0086394 -0.995671 0.0654402 -0.00610901 0.704049
0.421212 0.230593 0.877159 -nan -nan -nan
0.407258 0.790071 -0.45818 -0.311763 -0.604814 0.350745
-0.116926 0.986136 -0.117745 0.10579 -0.892211 0.106531
-0.49462 0.573149 0.653338 -nan -nan -nan
-0.252633 0.0685181 -0.965133 0.178693 -0.0484644 0.68266
0.305864 0.104466 0.946327 -nan -nan -nan
0.481161 0.635955 -0.603361 -0.354459 -0.468492 0.44448
0.0536396 0.997114 0.0537172 -0.0568681 -1.05713 -0.0569503
-0.441084 0.735467 0.514327 -nan -nan -nan
-0.383199 0.178817 -0.906192 0.271561 -0.126722 0.642189
0.154774 0.0245581 0.987645 -nan -nan -nan
0.498839 0.465953 -0.730785 -0.359303 -0.335616 0.526368
0.217938 0.950004 0.223599 -0.307349 -1.33975 -0.315333
-0.336006 0.87027 0.36018 0.867823 -2.2477 -0.930259
-0.468987 0.326647 -0.820581 0.334325 -0.232856 0.584965
-0.0144013 0.00020744 0.999896 -nan -nan -nan
0.458227 0.299929 -0.836702 -0.326197 -0.21351 0.595622
0.356769 0.850308 0.3869 -1.28983 -3.07413 -1.39876
-0.191664 0.961806 0.195433 0.253656 -1.27289 -0.258644
-0.499972 0.494734 -0.710821 0.361165 -0.357381 0.513476
-0.181894 0.0342591 0.982721 -nan -nan -nan
0.364069 0.157285 -0.917995 -0.257869 -0.111404 0.650215
0.453911 0.709679 0.538815 -nan -nan -nan
-0.0249261 0.999378 0.0249339 0.0255802 -1.0256 -0.0255882
-0.472534 0.663436 -0.580142 0.349909 -0.49127 0.429591
-0.328132 0.122734 0.936625 -nan -nan -nan
0.227368 0.0546871 -0.972272 -0.160805 -0.038677 0.687632
0.498012 0.544547 0.674872 -nan -nan -nan
0.144725 0.978597 -0.146299 -0.128362 -0.867956 0.129758
-0.389879 0.81304 -0.432389 0.300994 -0.627682 0.333812
-0.436026 0.255294 0.862964 -nan -nan -nan
0.0640993 0.00412574 -0.997935 -0.0453251 -0.00291734 0.705647
0.483918 0.37421 0.791069 -nan -nan -nan
0.297464 0.90189 -0.313226 -0.240616 -0.72953 0.253366
-0.261666 0.926064 -0.271911 0.215827 -0.763835 0.224277
-0.49297 0.416448 0.763906 -nan -nan -nan
-0.10666 0.0115088 -0.994229 0.0754207 -0.00813804 0.703032
0.413278 0.218572 0.883984 -nan -nan -nan
0.415444 0.77822 -0.470935 -0.316765 -0.593372 0.359075
-0.102876 0.989302 -0.103431 0.0940629 -0.904552 0.0945701
-0.492308 0.587365 0.642366 -nan -nan -nan
-0.264956 0.0759736 -0.961263 0.187422 -0.0537416 0.679971
0.294344 0.0958201 0.950884 -nan -nan -nan
0.484877 0.62204 -0.614784 -0.356334 -0.457134 0.451802
0.0679355 0.995363 0.0680936 -0.0732919 -1.07384 -0.0734624
-0.434119 0.748074 0.501922 -nan -nan -nan
-0.392291 0.189987 -0.900007 0.278087 -0.134678 0.637998
0.141016 0.0202975 0.989799 -nan -nan -nan
0.497652 0.451599 -0.740541 -0.357969 -0.324843 0.532683
0.230808 0.94354 0.237614 -0.337275 -1.37877 -0.347219